tweet_id,retweet_count,favorite_count
892420643555336193,8636,38954
892177421306343426,6345,33352
891689557279858688,8756,42296
891327558926688256,9518,40452
891087950875897856,3155,20291
890971913173991426,2101,11898
890609185150312448,4319,27866
890240255349198849,7516,32051
890006608113172480,7436,30763
889880896479866881,5028,27892
889665388333682689,10188,48275
889638837579907072,4599,27278
889531135344209921,2262,15139
889278841981685760,5501,25388
888917238123831296,4562,29193
888804989199671297,4397,25693
888554962724278272,3632,20003
888202515573088257,Not Exist,Not Exist
888078434458587136,3544,21851
887705289381826560,5464,30303
887517139158093824,11806,46411
887473957103951883,18455,69373
887343217045368832,10534,33816
886983233522544640,7863,35288
886736880519319552,3340,12123
886680336477933568,4528,22519
886366144734445568,3225,21198
886258384151887873,6378,28069
886054160059072513,105,0
885984800019947520,6898,32836
885518971528720385,3811,20500
885311592912609280,18801,0
885167619883638784,4437,22026
884925521741709313,18684,77805
884876753390489601,5871,28045
884562892145688576,4937,24399
884441805382717440,5727,27097
884247878851493888,20689,73299
884162670584377345,3031,20465
883838122936631299,3497,21991
883482846933004288,10100,46130
883360690899218434,3734,22640
883117836046086144,6763,37368
882992080364220416,3984,24038
882762694511734784,4992,28433
891815181378084864,4211,25129
890729181411237888,19148,65801
887101392804085760,6038,30674
886267009285017600,4,116
885528943205470208,6523,36143
882627270321602560,6174,27977
882268110199369728,11771,45143
882045870035918850,5053,29490
881666595344535552,10829,50755
881536004380872706,16197,49650
881268444196462592,5221,23152
880872448815771648,3873,21383
880465832366813184,6377,28643
880221127280381952,4293,27182
880095782870896641,4420,27739
879862464715927552,3552,22389
879674319642796034,10,313
879492040517615616,3234,23505
879415818425184262,44813,106311
879376492567855104,3161,16840
879130579576475649,6955,0
879050749262655488,4783,22688
879008229531029506,2735,19042
878776093423087618,4190,19461
878604707211726852,7359,30407
878404777348136964,1314,0
878316110768087041,6770,0
878281511006478336,1314,7794
878057613040115712,6955,42237
877736472329191424,19486,80290
877611172832227328,81,0
877556246731214848,3893,22881
877316821321428993,5268,27480
877201837425926144,5695,27274
876838120628539392,3420,20781
876537666061221889,4689,23551
876120275196170240,4778,28058
875747767867523072,4372,25327
875144289856114688,5014,22031
875097192612077568,6160,27561
875021211251597312,4798,25621
874434818259525634,15083,0
874296783580663808,4197,26215
874057562936811520,4031,22784
874012996292530176,10685,34903
873697596434513921,Not Exist,Not Exist
873580283840344065,4033,24412
873337748698140672,1623,0
873213775632977920,1623,7322
872967104147763200,5516,27577
881906580714921986,3440,24390
881633300179243008,7,127
880935762899988482,2818,17077
876484053909872640,2449,18861
874680097055178752,4731,28022
872820683541237760,3779,14824
872668790621863937,29,0
872620804844003328,3796,20965
872486979161796608,9219,41026
872261713294495745,6482,34530
872122724285648897,8324,34759
871879754684805121,11522,38420
871762521631449091,3568,20460
871515927908634625,3540,20420
871166179821445120,5830,0
871102520638267392,5630,21141
871032628920680449,3901,22898
870804317367881728,6396,34033
870726314365509632,3,120
870656317836468226,2729,12592
870374049280663552,27000,83668
870308999962521604,4273,22100
870063196459192321,8610,37154
869988702071779329,Not Exist,Not Exist
869772420881756160,10366,42983
869702957897576449,6529,28643
869227993411051520,3919,20752
868880397819494401,14994,66653
868639477480148993,2173,0
868622495443632128,5968,27826
868552278524837888,2173,10345
867900495410671616,4327,24586
867774946302451713,7591,34576
867421006826221569,2617,16465
867072653475098625,131,0
867051520902168576,8187,32850
866816280283807744,Not Exist,Not Exist
866720684873056260,5025,20510
866686824827068416,3628,19743
866450705531457537,36662,124640
866334964761202691,15083,53745
866094527597207552,8709,0
865359393868664832,5226,27074
865006731092295680,8011,28629
864873206498414592,9124,33072
864279568663928832,3187,14954
864197398364647424,9372,30903
863907417377173506,4333,21124
863553081350529029,4362,15656
863471782782697472,2598,0
863432100342583297,5529,24388
863427515083354112,101,2316
863079547188785154,1154,8970
863062471531167744,2598,8775
862831371563274240,5318,19681
862722525377298433,3707,17514
862457590147678208,5219,21104
862096992088072192,24463,76641
861769973181624320,Not Exist,Not Exist
861288531465048066,4382,17688
860981674716409858,2271,0
860924035999428608,858,0
860563773140209665,2271,7725
860524505164394496,5552,24314
860276583193509888,3657,18846
860184849394610176,6155,17186
859924526012018688,4315,20129
859851578198683649,3694,15856
859607811541651456,1659,19159
859196978902773760,31953,92777
859074603037188101,14381,34981
858860390427611136,8585,0
858843525470990336,3672,16045
858471635011153920,5119,22224
858107933456039936,3084,16246
857989990357356544,2736,16663
857746408056729600,11238,35427
857393404942143489,1728,6124
857214891891077121,20,238
857062103051644929,179,0
857029823797047296,4256,19590
856602993587888130,11336,0
856543823941562368,3064,16872
856526610513747968,2006,12255
856330835276025856,720,0
856288084350160898,17,534
855862651834028034,28,363
855857698524602368,2253,12275
855818117272018944,5807,27609
855459453768019968,8790,31147
855245323840757760,6374,0
855138241867124737,49,0
854732716440526848,6528,23778
854482394044301312,7381,30581
854365224396361728,5033,19700
865718153858494464,5840,26172
861383897657036800,11244,37093
861005113778896900,4005,17207
860177593139703809,32525,0
857263160327368704,4801,20690
856282028240666624,6715,28661
855860136149123072,1104,5108
855851453814013952,18806,47127
854120357044912130,8051,33323
869596645499047938,3236,16215
854010172552949760,3367,16887
853760880890318849,6232,29906
853639147608842240,10935,36527
853299958564483072,3830,16254
852936405516943360,2180,0
852912242202992640,1984,9478
852672615818899456,2313,15658
852553447878664193,3783,17191
852311364735569921,10687,34770
852226086759018497,7371,21000
852189679701164033,1706,12028
851953902622658560,10423,0
851861385021730816,23,0
851464819735769094,7645,25521
851224888060895234,6193,21742
850753642995093505,10077,32744
850380195714523136,2827,13750
850333567704068097,362,3595
850145622816686080,4138,17224
850019790995546112,5315,21590
849776966551130114,8259,32148
849668094696017920,5394,0
849412302885593088,3404,16760
849336543269576704,2052,12071
849051919805034497,9283,44791
848324959059550208,5007,26186
848213670039564288,814,8657
848212111729840128,3356,17301
847978865427394560,3554,0
847971574464610304,467,0
847962785489326080,5587,24861
847842811428974592,1469,5822
847617282490613760,457,7429
847606175596138505,3679,19861
847251039262605312,4671,21636
847157206088847362,6390,21195
847116187444137987,3484,22719
846874817362120707,4291,21301
846514051647705089,12691,47485
846505985330044928,3390,15028
846153765933735936,9900,33740
846139713627017216,10729,32718
846042936437604353,3145,16990
845812042753855489,9574,31145
845677943972139009,5227,26684
845459076796616705,Not Exist,Not Exist
845397057150107648,2002,8108
845306882940190720,5900,24798
845098359547420673,8413,0
844979544864018432,2834,14487
844973813909606400,3520,16099
844704788403113984,11336,41249
844580511645339650,3433,17536
844223788422217728,2401,14512
843981021012017153,3201,16070
843856843873095681,5081,22803
843604394117681152,3000,17992
843235543001513987,6647,22912
842892208864923648,Not Exist,Not Exist
842846295480000512,3928,16200
842765311967449089,1406,7199
842535590457499648,3840,19293
842163532590374912,6374,26132
842115215311396866,3315,14959
841833993020538882,16959,0
841680585030541313,8530,27359
841439858740625411,4054,13505
841314665196081154,5177,16969
841077006473256960,5830,24504
840761248237133825,1936,0
840728873075638272,17797,0
840698636975636481,3,195
840696689258311684,1089,13157
840632337062862849,1936,9604
840370681858686976,5024,17609
840268004936019968,6319,20612
839990271299457024,2534,14373
839549326359670784,8585,29479
839290600511926273,156,0
839239871831150596,7224,29132
838952994649550848,4397,21001
838921590096166913,2293,11969
838916489579200512,37,0
838831947270979586,12258,0
838561493054533637,1469,11692
838476387338051585,5329,24234
838201503651401729,11199,0
838150277551247360,359,1795
838085839343206401,0,148
838083903487373313,3481,18890
837820167694528512,8709,36678
837482249356513284,490,4133
837471256429613056,2559,13749
837366284874571778,5856,22664
837110210464448512,2658,17174
836989968035819520,2546,13654
836753516572119041,5105,20652
836677758902222849,2456,13533
836648853927522308,611,0
836397794269200385,30548,0
836380477523124226,3257,15800
836260088725786625,4744,22791
836001077879255040,4788,20528
835685285446955009,9082,0
835574547218894849,4020,19134
835536468978302976,1887,0
835309094223372289,23357,0
835297930240217089,3311,17597
835264098648616962,1887,8344
835246439529840640,81,2236
835172783151792128,6373,28063
835152434251116546,3366,24130
834931633769889797,1834,11645
834786237630337024,6049,22661
834574053763584002,2815,14742
834477809192075265,11844,0
834458053273591808,1859,10340
834209720923721728,5321,22160
834167344700198914,4028,16929
834089966724603904,2360,10804
834086379323871233,2458,14051
833863086058651648,2670,14420
833826103416520705,3823,16490
833732339549220864,242,0
833722901757046785,3558,22226
833479644947025920,2293,15984
833124694597443584,5394,21762
832998151111966721,2464,14321
832769181346996225,42,0
832757312314028032,4024,18132
832682457690300417,3274,12801
832645525019123713,579,3141
832636094638288896,3122,17089
832397543355072512,2482,12884
832369877331693569,3554,18485
832273440279240704,2604,12166
832215909146226688,6892,0
832215726631055365,10434,0
832088576586297345,2,72
832040443403784192,10832,0
832032802820481025,5197,19261
831939777352105988,6854,25885
831926988323639298,36,367
831911600680497154,7279,29825
831670449226514432,2021,11271
831650051525054464,2180,7742
831552930092285952,2558,9716
831322785565769729,1706,9889
831309418084069378,2714,12620
831262627380748289,2292,12836
830956169170665475,1682,8598
830583320585068544,18801,72198
830173239259324417,6375,0
830097400375152640,3360,10618
829878982036299777,5605,0
829861396166877184,2194,13226
829501995190984704,11844,34267
829449946868879360,2271,11319
829374341691346946,10423,37435
829141528400556032,8289,26497
829011960981237760,18126,57255
828801551087042563,3797,0
828770345708580865,6573,27634
828708714936930305,12541,39562
828650029636317184,1503,10283
828409743546925057,1283,6786
828408677031882754,1431,8262
828381636999917570,2486,13651
828376505180889089,1190,7995
828372645993398273,3271,13541
828361771580813312,191,2370
828046555563323392,3193,12732
828011680017821696,2395,11199
827933404142436356,5853,21806
827653905312006145,3354,16711
827600520311402496,1055,8023
827324948884643840,3424,17191
827228250799742977,Not Exist,Not Exist
827199976799354881,2509,11458
826958653328592898,5605,23377
826848821049180160,11512,39574
826615380357632002,4412,0
826598799820865537,286,5544
826476773533745153,4699,19949
826240494070030336,2897,14363
826204788643753985,1053,5277
826115272272650244,3508,16992
825876512159186944,2096,11337
825829644528148480,2791,13795
825535076884762624,19279,56373
825147591692263424,5129,19854
825120256414846976,1444,0
825026590719483904,1444,6901
824796380199809024,6152,0
824775126675836928,3956,16242
824663926340194305,1947,10925
824325613288833024,11622,12784
824297048279236611,4337,16310
824025158776213504,665,5176
823939628516474880,3043,11558
823719002937630720,12644,0
823699002998870016,2709,13638
823581115634085888,2975,14145
823333489516937216,29,761
823322678127919110,4527,17120
823269594223824897,11092,0
822975315408461824,3867,18801
822872901745569793,49381,143896
822859134160621569,2564,14350
822647212903690241,7198,0
822610361945911296,3331,16040
822489057087389700,7198,19738
822462944365645825,16646,31167
822244816520155136,11092,38130
822163064745328640,5427,0
821886076407029760,2634,12358
821813639212650496,3752,0
821765923262631936,1865,9173
821522889702862852,1987,8721
821421320206483457,6290,0
821407182352777218,4910,12834
821153421864615936,10,275
821149554670182400,2266,9525
821107785811234820,2403,10456
821044531881721856,2575,13768
820837357901512704,7529,0
820749716845686786,11199,34373
820690176645140481,3629,13303
820494788566847489,637,0
820446719150292993,2909,0
820314633777061888,637,3636
820078625395449857,7072,21558
820013781606658049,1329,0
819952236453363712,1329,5807
819924195358416896,5456,14024
819711362133872643,3534,14650
819588359383371776,2216,10412
819347104292290561,1354,7866
819238181065359361,454,2494
819227688460238848,7529,25175
819015337530290176,41176,0
819015331746349057,21260,0
819006400881917954,21260,49130
819004803107983360,41176,93977
818646164899774465,23457,0
818627210458333184,8369,24194
818614493328580609,2914,10760
818588835076603904,6943,0
818536468981415936,2793,11912
818307523543449600,9150,0
818259473185828864,2565,12001
818145370475810820,2926,13417
817908911860748288,890,5268
817827839487737858,30548,56627
817777686764523521,3005,11671
817536400337801217,3421,12870
817502432452313088,3822,0
817423860136083457,16959,37433
817415592588222464,1090,6133
817181837579653120,9603,0
817171292965273600,2264,9519
817120970343411712,2955,13241
817056546584727552,1866,9350
816829038950027264,5332,0
816816676327063552,2302,10902
816697700272001025,2482,10698
816450570814898180,9150,33395
816336735214911488,2209,9389
816091915477250048,2430,9736
816062466425819140,1180,0
816014286006976512,6007,0
815990720817401858,1180,5449
815966073409433600,9603,24574
815745968457060357,4661,0
815736392542261248,2559,10740
815639385530101762,1860,8990
815390420867969024,4291,11281
814986499976527872,1465,8336
814638523311648768,3060,12308
814578408554463233,6581,0
814530161257443328,2098,9473
814153002265309185,9824,31431
813944609378369540,3647,0
813910438903693312,2128,10144
813812741911748608,15830,39707
813800681631023104,1999,9133
813217897535406080,8246,20412
813202720496779264,2036,10023
813187593374461952,4937,21697
813172488309972993,2173,10216
813157409116065792,2506,8460
813142292504645637,2665,9195
813130366689148928,500,4878
813127251579564032,3552,12984
813112105746448384,3131,11295
813096984823349248,4093,11502
813081950185472002,3129,10802
813066809284972545,2198,8698
813051746834595840,8271,22908
812781120811126785,2159,8267
812747805718642688,7866,0
812709060537683968,1620,7239
812503143955202048,1385,6659
812466873996607488,2181,8750
812372279581671427,4149,14964
811985624773361665,1590,7961
811744202451197953,1829,8262
811647686436880384,842,6097
811627233043480576,3551,14013
811386762094317568,7240,22860
810984652412424192,1615,5841
810896069567610880,2027,9904
810657578271330305,2986,12001
810284430598270976,12970,38850
810254108431155201,3797,16088
809920764300447744,4412,16960
809808892968534016,5560,0
809448704142938112,1664,7587
809220051211603969,6375,21843
809084759137812480,3964,14458
808838249661788160,3443,11063
808733504066486276,2448,8648
808501579447930884,2931,12366
808134635716833280,6756,0
808106460588765185,2465,9549
808001312164028416,3998,13784
807621403335917568,4164,15978
807106840509214720,61421,123434
807059379405148160,8302,0
807010152071229440,4317,14279
806629075125202948,39654,82515
806620845233815552,6249,0
806576416489959424,2185,5296
806542213899489280,2692,11185
806242860592926720,13250,0
806219024703037440,1359,7027
805958939288408065,6081,0
805932879469572096,2149,9052
805826884734976000,2075,7205
805823200554876929,9135,0
805520635690676224,1874,6274
805487436403003392,2865,9601
805207613751304193,1922,8521
804738756058218496,4362,15073
804475857670639616,2282,6748
804413760345620481,3637,0
804026241225523202,18382,48902
803773340896923648,3140,11017
803692223237865472,8439,0
803638050916102144,4696,12036
803380650405482500,2109,8480
803321560782307329,6056,0
803276597545603072,2797,11004
802952499103731712,2271,9899
802624713319034886,3316,0
802600418706604034,1665,7807
802572683846291456,2847,9802
802323869084381190,6626,17820
802247111496568832,Not Exist,Not Exist
802239329049477120,2948,9943
802185808107208704,306,0
801958328846974976,1933,8464
801854953262350336,264,1925
801538201127157760,2335,8978
801285448605831168,939,6656
801167903437357056,6756,26917
801127390143516673,4506,0
801115127852503040,2362,8852
800859414831898624,111,760
800855607700029440,1845,0
800751577355128832,3136,11515
800513324630806528,3409,14425
800459316964663297,2430,10361
800443802682937345,4911,0
800388270626521089,3171,12236
800188575492947969,4456,0
800141422401830912,2909,16789
800018252395122689,14947,31175
799774291445383169,5332,0
799757965289017345,2448,9225
799308762079035393,6293,0
799297110730567681,3153,10876
799063482566066176,2789,8881
798933969379225600,5079,14464
798925684722855936,1626,8148
798705661114773508,7514,0
798701998996647937,8873,0
798697898615730177,7403,0
798694562394996736,5659,0
798686750113755136,2636,0
798682547630837760,5382,0
798673117451325440,6316,0
798665375516884993,4422,0
798644042770751489,2099,0
798628517273620480,2225,0
798576900688019456,6691,0
798340744599797760,3816,0
798209839306514432,2888,11373
797971864723324932,3565,12793
797545162159308800,5497,15937
797236660651966464,7522,21955
797165961484890113,32,254
796904159865868288,10130,0
796865951799083009,2151,8414
796759840936919040,3477,13036
796563435802726400,8306,0
796484825502875648,2001,8326
796387464403357696,4725,12104
796177847564038144,16242,0
796149749086875649,16242,35566
796125600683540480,2031,5434
796116448414461957,2746,9965
796080075804475393,2624,9277
796031486298386433,4190,11861
795464331001561088,27044,54736
795400264262053889,3246,11086
795076730285391872,6152,17824
794926597468000259,2628,11291
794355576146903043,11687,0
794332329137291264,3000,10496
794205286408003585,3778,10122
793962221541933056,5560,18513
793845145112371200,2125,10115
793614319594401792,3557,0
793601777308463104,1853,8756
793500921481273345,2707,11747
793286476301799424,10434,27053
793271401113350145,2674,9484
793256262322548741,9445,21949
793241302385262592,3721,11575
793226087023144960,3239,10798
793210959003287553,3204,9813
793195938047070209,6369,16767
793180763617361921,2247,7585
793165685325201412,3157,10329
793150605191548928,1939,6777
793135492858580992,2816,7085
793120401413079041,4422,13937
792913359805018113,4566,15773
792883833364439040,4843,12419
792773781206999040,1912,8065
792394556390137856,4869,14842
792050063153438720,2034,7890
791821351946420224,23866,0
791784077045166082,10964,0
791780927877898241,4313,0
791774931465953280,25219,49524
791672322847637504,3557,12906
791406955684368384,4661,14418
791026214425268224,4683,0
790987426131050500,2418,10885
790946055508652032,5332,18252
790723298204217344,2630,0
790698755171364864,2157,9009
790581949425475584,8119,22712
790337589677002753,2116,8597
790277117346975746,3647,13801
790227638568808452,4064,0
789986466051088384,2630,10183
789960241177853952,4716,0
789903600034189313,4693,11414
789628658055020548,2018,8286
789599242079838210,2194,7470
789530877013393408,3823,12915
789314372632018944,2610,9454
789280767834746880,5605,0
789268448748703744,2941,10022
789137962068021249,3160,10664
788908386943430656,14065,30066
788765914992902144,11687,30126
788552643979468800,8201,0
788412144018661376,6018,17132
788178268662984705,2415,7954
788150585577050112,1478,6755
788070120937619456,3860,0
788039637453406209,1495,6737
787810552592695296,3457,9530
787717603741622272,3156,11208
787397959788929025,3208,11898
787322443945877504,1979,8559
787111942498508800,7595,0
786963064373534720,9082,29160
786729988674449408,2744,0
786709082849828864,6892,19939
786664955043049472,2912,11715
786595970293370880,3514,10319
786363235746385920,3968,11968
786286427768250368,3249,8767
786233965241827333,5427,16833
786051337297522688,174,1580
786036967502913536,8000,0
785872687017132033,2068,7334
785639753186217984,2500,8566
785533386513321988,2278,10001
785515384317313025,1434,6686
785264754247995392,1855,7976
785170936622350336,5507,13276
784826020293709826,3637,11129
784517518371221505,2870,9841
784431430411685888,1448,6226
784183165795655680,9135,22088
784057939640352768,12644,32818
783839966405230592,12258,33010
783821107061198850,2220,8069
783695101801398276,3634,11443
783466772167098368,2550,9286
783391753726550016,6243,18532
783347506784731136,6350,0
783334639985389568,13250,32037
783085703974514689,2501,8931
782969140009107456,8302,26454
782747134529531904,1571,8169
782722598790725632,6081,18911
782598640137187329,2130,8548
782305867769217024,6290,18265
782021823840026624,7065,0
781955203444699136,3805,12149
781661882474196992,3058,11435
781655249211752448,1258,4383
781524693396357120,6249,22730
781308096455073793,2876,7811
781251288990355457,2375,9256
781163403222056960,3075,10695
780931614150983680,8306,23688
780858289093574656,2252,7873
780800785462489090,1466,6039
780601303617732608,3752,13249
780543529827336192,1961,6905
780496263422808064,4207,0
780476555013349377,133,0
780459368902959104,1199,5782
780192070812196864,2529,9535
780092040432480260,2591,0
780074436359819264,5645,13419
779834332596887552,8000,20840
779377524342161408,3519,9663
779124354206535695,20784,0
779123168116150273,4108,12921
779056095788752897,5105,16187
778990705243029504,8223,21909
778774459159379968,11235,0
778764940568104960,413,937
778748913645780993,1507,7552
778650543019483137,1689,6320
778624900596654080,1140,5082
778408200802557953,4899,14895
778396591732486144,13817,0
778383385161035776,1241,6394
778286810187399168,3734,11355
778039087836069888,2982,9268
778027034220126208,1834,7176
777953400541634568,3969,0
777885040357281792,1850,6952
777684233540206592,3316,12285
777641927919427584,4813,0
777621514455814149,2812,9565
777189768882946048,4869,15631
776819012571455488,15451,0
776813020089548800,1364,5333
776477788987613185,3154,9694
776249906839351296,10345,0
776218204058357768,17993,32771
776201521193218049,2836,10479
776113305656188928,4911,12834
776088319444877312,171,1999
775898661951791106,17424,0
775842724423557120,3022,12782
775733305207554048,4506,15133
775729183532220416,5169,14106
775364825476165632,3365,8135
775350846108426240,4411,11084
775096608509886464,Not Exist,Not Exist
775085132600442880,5332,16974
774757898236878852,1985,9314
774639387460112384,1958,7344
774314403806253056,6293,23761
773985732834758656,4368,11721
773922284943896577,1946,6972
773704687002451968,1837,7195
773670353721753600,1459,5820
773547596996571136,6943,24056
773336787167145985,5746,0
773308824254029826,8413,25350
773247561583001600,3604,10218
773191612633579521,4617,10898
772877495989305348,4377,9373
772826264096874500,2610,8698
772615324260794368,3791,0
772581559778025472,1908,7063
772152991789019136,1264,4111
772117678702071809,823,4088
772114945936949249,527,2954
772102971039580160,1039,4367
771908950375665664,2123,7174
771770456517009408,3816,13112
771500966810099713,2937,9017
771380798096281600,5746,11509
771171053431250945,8485,0
771136648247640064,3275,10028
771102124360998913,1612,6780
771014301343748096,1859,7507
771004394259247104,247,0
770787852854652928,1373,5410
770772759874076672,1584,5661
770743923962707968,51130,0
770655142660169732,1966,7991
770414278348247044,2315,6863
770293558247038976,1673,6794
770093767776997377,3420,0
770069151037685760,2586,8243
769940425801170949,10832,34315
769695466921623552,1869,6970
769212283578875904,1923,5886
768970937022709760,7354,15715
768909767477751808,3042,0
768855141948723200,1004,4582
768609597686943744,1353,4490
768596291618299904,1436,5487
768554158521745409,6539,0
768473857036525572,3847,14833
768193404517830656,3969,11891
767884188863397888,1582,5185
767754930266464257,6056,17475
767500508068192258,2617,8141
767191397493538821,4283,13376
767122157629476866,3198,11020
766864461642756096,6352,0
766793450729734144,1528,5546
766714921925144576,428,2826
766693177336135680,888,4399
766423258543644672,1781,6558
766313316352462849,2114,7364
766078092750233600,2902,0
766069199026450432,979,4664
766008592277377025,559,4067
765719909049503744,2412,7869
765669560888528897,1366,5649
765395769549590528,3796,28640
765371061932261376,2411,7710
765222098633691136,3791,12651
764857477905154048,1972,6971
764259802650378240,1703,6586
763956972077010945,61,798
763837565564780549,4683,13734
763183847194451968,1658,5904
763167063695355904,3394,0
763103485927849985,2544,7998
762699858130116608,4064,13261
762471784394268675,7324,12295
762464539388485633,4716,11272
762316489655476224,1262,5253
762035686371364864,17475,34787
761976711479193600,2258,5883
761750502866649088,4423,0
761745352076779520,957,4635
761672994376806400,32525,53870
761599872357261312,1313,4496
761371037149827077,20023,0
761334018830917632,1616,5679
761292947749015552,1233,4864
761227390836215808,1727,5782
761004547850530816,3860,12248
760893934457552897,1084,4156
760656994973933572,2152,7190
760641137271070720,1446,5382
760539183865880579,4055,8242
760521673607086080,1566,4599
760290219849637889,12824,29103
760252756032651264,966,4276
760190180481531904,2022,6206
760153949710192640,37,0
759943073749200896,2329,6460
759923798737051648,6352,15970
759846353224826880,2214,7300
759793422261743616,2130,6487
759566828574212096,23684,0
759557299618865152,1313,5102
759447681597108224,2744,9244
759446261539934208,550,1814
759197388317847553,2168,6589
759159934323924993,1308,0
759099523532779520,4687,15791
759047813560868866,2248,7083
758854675097526272,995,3853
758828659922702336,4270,12158
758740312047005698,1781,6222
758474966123810816,1103,4144
758405701903519748,2144,5647
758355060040593408,1207,3722
758099635764359168,11235,20869
757741869644341248,3615,7473
757729163776290825,9074,0
757725642876129280,1364,4936
757611664640446465,1244,4945
757597904299253760,324,0
757596066325864448,1181,4734
757400162377592832,7591,16448
757393109802180609,1944,6332
757354760399941633,1586,4909
756998049151549440,2215,6803
756939218950160384,2234,7215
756651752796094464,1476,5503
756526248105566208,4050,11303
756303284449767430,1202,4289
756288534030475264,19409,45700
756275833623502848,1705,6991
755955933503782912,3205,7949
755206590534418437,5995,17861
755110668769038337,12333,23009
754874841593970688,8946,0
754856583969079297,2803,7457
754747087846248448,582,2797
754482103782404096,2162,5752
754449512966619136,820,4078
754120377874386944,2597,8503
754011816964026368,4011,9544
753655901052166144,2430,6334
753420520834629632,3981,8582
753398408988139520,2135,6274
753375668877008896,2591,8254
753298634498793472,6443,0
753294487569522689,1159,3694
753039830821511168,23357,40278
753026973505581056,1084,4219
752932432744185856,7595,13707
752917284578922496,1746,7444
752701944171524096,3214,0
752682090207055872,1790,6525
752660715232722944,1751,4788
752568224206688256,2545,6019
752309394570878976,18549,0
752173152931807232,2054,6452
751950017322246144,1038,3345
751937170840121344,1494,5662
751830394383790080,2171,6293
751793661361422336,3248,6354
751583847268179968,1241,4785
751538714308972544,1407,5449
751456908746354688,1102,3472
751251247299190784,6535,13553
751205363882532864,2035,6827
751132876104687617,1449,5515
750868782890057730,1550,5195
750719632563142656,5605,14317
750506206503038976,1279,4825
750429297815552001,4813,14287
750383411068534784,1270,4915
750381685133418496,35,745
750147208377409536,1072,3344
750132105863102464,1403,3923
750117059602808832,1437,4667
750101899009982464,935,3293
750086836815486976,606,2345
750071704093859840,3715,8482
750056684286914561,988,3382
750041628174217216,686,3436
750026558547456000,873,2934
750011400160841729,1011,3508
749996283729883136,892,3274
749981277374128128,2717,5531
749774190421639168,1458,5027
749417653287129088,1858,6606
749403093750648834,609,2837
749395845976588288,3853,9312
749317047558017024,2457,5940
749075273010798592,2299,6240
749036806121881602,872,3354
748977405889503236,3792,11617
748705597323898880,1046,2989
748699167502000129,1771,5120
748692773788876800,1472,4584
748575535303884801,2210,6559
748568946752774144,749,2366
748346686624440324,1376,5638
748337862848962560,4581,8294
748324050481647620,848,4005
748307329658011649,795,3966
748220828303695873,8632,15256
848690551926992896,4693,26660
841320156043304961,5964,21069
831315979191906304,1239,7007
808344865868283904,23457,46525
802265048156610565,1542,6949
799422933579902976,2162,8822
798585098161549313,6484,0
794983741416415232,3823,0
791312159183634433,2880,9655
785927819176054784,3570,12477
772193107915964416,1560,6550
769335591808995329,8623,0
758467244762497024,2480,5222
758041019896193024,423,2945
752519690950500352,3822,7990
752334515931054080,1233,4143
751598357617971201,3360,8552
749064354620928000,1679,5185
748932637671223296,2503,6336
851591660324737024,3741,17032
837012587749474308,Not Exist,Not Exist
826598365270007810,2630,10916
747963614829678593,2394,6264
747933425676525569,2831,7172
747885874273214464,1094,3185
747844099428986880,825,3029
747816857231626240,1287,5244
747651430853525504,174,1491
747648653817413632,6466,13932
747600769478692864,604,2507
747594051852075008,1174,3975
747512671126323200,1754,6007
747461612269887489,1148,4179
747439450712596480,2138,5872
747219827526344708,1743,5695
747204161125646336,1015,3657
747103485104099331,4436,10357
746906459439529985,328,3114
746818907684614144,1899,5707
746790600704425984,1767,5253
746757706116112384,4313,10292
746542875601690625,2058,5427
746521445350707200,1085,0
746507379341139972,1196,5006
746369468511756288,1817,6511
746131877086527488,2442,7425
746056683365994496,909,3826
745789745784041472,1177,4356
745712589599014916,2574,7518
745433870967832576,2811,7665
745422732645535745,2700,9237
745314880350101504,3059,7706
745074613265149952,3882,8434
745057283344719872,2529,7794
744995568523612160,695,3218
744971049620602880,2966,8480
744709971296780288,1720,6031
744334592493166593,2370,7275
744234799360020481,77699,128712
744223424764059648,414,1828
743980027717509120,1204,4471
743895849529389061,1056,3925
743835915802583040,2319,0
743609206067040256,1519,4827
743595368194129920,7257,19896
743210557239623680,1507,4130
742534281772302336,3918,7580
742528092657332225,2193,4787
742465774154047488,4282,7800
742423170473463808,4207,10609
742385895052087300,2200,7317
742150209887731712,1729,5548
741793263812808706,1663,4894
741743634094141440,3053,8783
741438259667034112,920,3948
741303864243200000,3565,9444
741099773336379392,6096,10783
741067306818797568,3420,10150
740995100998766593,3061,6892
740711788199743490,1031,3670
740699697422163968,861,3050
740676976021798912,7514,19503
740373189193256964,14681,37277
740365076218183684,482,2666
739979191639244800,6539,21451
739844404073074688,936,4070
739623569819336705,1503,4100
739606147276148736,1828,5798
739544079319588864,23685,42793
739485634323156992,3241,7752
739238157791694849,51130,73643
738891149612572673,6,114
738885046782832640,1254,4048
738883359779196928,895,3595
738537504001953792,1720,5475
738402415918125056,936,3524
738184450748633089,1333,4641
738166403467907072,3751,9448
738156290900254721,731,2714
737826014890496000,1955,5654
737800304142471168,3816,10731
737678689543020544,1472,5417
736736130620620800,1924,4637
736392552031657984,8201,19081
736365877722001409,1373,4296
736225175608430592,3046,8729
736010884653420544,3268,8492
735991953473572864,1265,3867
735635087207878657,2598,6656
735274964362878976,5601,13965
735256018284875776,971,3600
734787690684657664,6935,13480
734776360183431168,594,2689
734559631394082816,434,1609
733828123016450049,855,3859
733822306246479872,1110,3944
733482008106668032,1043,3370
733460102733135873,1411,4515
733109485275860992,17424,45577
732732193018155009,588,2614
732726085725589504,970,3790
732585889486888962,849,3951
732375214819057664,2763,8671
732005617171337216,6007,16005
731285275100512256,1075,3737
731156023742988288,1394,4109
730924654643314689,2176,6569
730573383004487680,2373,5280
730427201120833536,1148,3720
730211855403241472,1152,4102
730196704625098752,2117,5243
729854734790754305,1226,4310
729463711119904772,2530,6227
729113531270991872,362,2022
728986383096946689,895,3398
728760639972315136,1864,4998
728751179681943552,742,2992
728653952833728512,1144,3546
728409960103686147,2214,5283
728387165835677696,1048,3934
728046963732717569,1290,4624
728035342121635841,1836,4868
728015554473250816,1200,4399
727685679342333952,698,3143
727644517743104000,1920,6324
727524757080539137,1348,4789
727314416056803329,821,3552
727286334147182592,901,3248
727175381690781696,1499,4139
727155742655025152,1454,3896
726935089318363137,2683,7362
726887082820554753,1649,4109
726224900189511680,1274,4721
725842289046749185,2902,7546
725786712245440512,1489,4454
725729321944506368,1953,5538
725458796924002305,681,1513
724983749226668032,1432,3964
724771698126512129,702,2542
724405726123311104,1808,5682
724049859469295616,1939,4643
724046343203856385,608,2850
723673163800948736,980,3233
723179728551723008,2057,5671
722974582966214656,1721,4395
722613351520608256,1794,5299
721001180231503872,675,2698
720785406564900865,845,3332
720775346191278080,745,2645
720415127506415616,1637,4409
720389942216527872,2767,6858
720340705894408192,1072,3063
720059472081784833,1241,4158
720043174954147842,2198,5242
719991154352222208,1924,5174
719704490224398336,1589,4879
718613305783398402,529,2617
718540630683709445,1110,2668
718460005985447936,584,2890
718454725339934721,1648,5217
717841801130979328,655,2619
717790033953034240,1241,3103
717537687239008257,2017,6165
717428917016076293,499,1709
717421804990701568,927,3371
717047459982213120,2090,6705
717009362452090881,1076,3494
716802964044845056,1286,4560
716791146589110272,1521,5911
716730379797970944,464,1310
716447146686459905,6445,14043
716439118184652801,241,2527
716285507865542656,1196,2973
716080869887381504,1914,5228
715928423106027520,963,3425
715758151270801409,1565,3996
715704790270025728,620,2997
715696743237730304,1417,4180
715680795826982913,1781,4625
715360349751484417,1725,5850
715342466308784130,753,3233
715220193576927233,722,2575
715200624753819648,2061,5479
715009755312439296,1362,4464
714982300363173890,1132,4014
714962719905021952,4693,7865
714606013974974464,1022,3870
714485234495041536,1279,2903
714258258790387713,788,3217
714251586676113411,923,3500
714214115368108032,965,2428
714141408463036416,1534,4599
713919462244790272,853,3495
713175907180089344,1598,4765
712717840512598017,5468,13231
712668654853337088,1333,4449
712438159032893441,1712,5690
712097430750289920,1145,4067
712092745624633345,993,3152
712085617388212225,538,3460
711743778164514816,1081,3039
711732680602345472,4529,9540
711694788429553666,20023,35184
711652651650457602,1010,4143
711363825979756544,1254,3919
711306686208872448,803,3537
710997087345876993,1534,4872
710844581445812225,754,2727
710833117892898816,590,2881
710658690886586372,621,2468
710609963652087808,2573,5138
710588934686908417,2057,4885
710296729921429505,808,2530
710283270106132480,568,2276
710272297844797440,1380,4842
710269109699739648,1233,2570
710153181850935296,974,3105
710140971284037632,982,2962
710117014656950272,2193,5888
709852847387627521,1311,3755
709566166965075968,1332,3779
709556954897764353,1168,3519
709519240576036864,265,1592
709449600415961088,652,2381
709409458133323776,764,2806
709225125749587968,630,2568
709207347839836162,6412,13505
709198395643068416,704,2582
709179584944730112,742,2159
709158332880297985,455,2192
709042156699303936,1810,5107
708853462201716736,723,1915
708845821941387268,986,3176
708834316713893888,552,1824
708810915978854401,7644,17699
708711088997666817,803,2729
708479650088034305,746,2728
708469915515297792,898,3298
708400866336894977,11091,17172
708356463048204288,1485,3866
708349470027751425,811,2523
708149363256774660,1687,4571
708130923141795840,923,3635
708119489313951744,1071,2878
708109389455101952,592,2076
708026248782585858,2114,4677
707995814724026368,1231,3326
707983188426153984,2,51
707969809498152960,1067,2889
707741517457260545,673,2667
707738799544082433,2712,4398
707693576495472641,1100,3671
707629649552134146,967,2767
707610948723478529,7065,18198
707420581654872064,771,2443
707411934438625280,658,2438
707387676719185920,1440,3762
707377100785885184,1182,3523
707315916783140866,706,2646
707297311098011648,883,2954
707059547140169728,743,2756
707038192327901184,881,2360
707021089608753152,1510,4349
707014260413456384,650,2464
706904523814649856,8623,15629
706901761596989440,664,2221
706681918348251136,1066,3554
706644897839910912,1202,2766
706593038911545345,693,2311
706538006853918722,1544,3707
706516534877929472,1134,3329
706346369204748288,1012,3695
706310011488698368,8790,23019
706291001778950144,513,1824
706265994973601792,1007,2919
706169069255446529,2444,4205
706166467411222528,1770,5522
706153300320784384,422,1599
705975130514706432,816,3327
705898680587526145,626,2543
705786532653883392,585,2094
705591895322394625,1275,3401
705475953783398401,1016,3178
705428427625635840,1873,4095
705239209544720384,825,3217
705223444686888960,883,2767
705102439679201280,569,2306
705066031337840642,664,2329
704871453724954624,1224,4526
704859558691414016,601,2419
704847917308362754,1694,5493
704819833553219584,1112,2838
704761120771465216,3187,7137
704499785726889984,1098,3152
704491224099647488,94,820
704480331685040129,1166,3651
704364645503647744,3908,8640
704347321748819968,386,1697
704134088924532736,508,1623
704113298707505153,618,1994
704054845121142784,1007,3141
703774238772166656,514,1980
703769065844768768,1249,3540
703631701117943808,759,2786
703425003149250560,1522,4087
703407252292673536,764,2644
703356393781329922,424,2046
703268521220972544,610,2109
703079050210877440,3399,7930
703041949650034688,13817,28421
702932127499816960,799,2782
702899151802126337,495,1735
702684942141153280,1187,3455
702671118226825216,618,2350
702598099714314240,3619,11116
702539513671897089,1060,3080
702332542343577600,1710,3435
702321140488925184,1138,3539
702276748847800320,839,2656
702217446468493312,1477,5169
701981390485725185,1087,3694
701952816642965504,1122,4099
701889187134500865,1517,3829
701805642395348998,1864,3683
701214700881756160,5659,13177
700890391244103680,635,2390
700864154249383937,672,2783
700847567345688576,549,2607
700505138482569216,628,2445
700462010979500032,1983,4457
700167517596164096,821,2848
700062718104104960,763,2838
700029284593901568,640,2220
700002074055016451,1483,3551
699801817392291840,1065,3274
699788877217865730,543,2417
699779630832685056,1367,2979
699775878809702401,671,2104
699691744225525762,5058,11026
699446877801091073,2876,6380
699434518667751424,562,2333
699423671849451520,367,1472
699413908797464576,680,2215
699370870310113280,484,2015
699323444782047232,957,3394
699088579889332224,696,2400
699079609774645248,721,2627
699072405256409088,1304,3233
699060279947165696,2003,4068
699036661657767936,1318,2808
698989035503689728,1084,3643
698953797952008193,991,2909
698907974262222848,681,2733
698710712454139905,755,2660
698703483621523456,416,1563
698635131305795584,375,1377
698549713696649216,684,2492
698355670425473025,497,2007
698342080612007937,1047,2436
698262614669991936,2219,5109
698195409219559425,6581,18037
698178924120031232,812,3020
697995514407682048,365,1635
697990423684476929,1423,3532
697943111201378304,758,2580
697881462549430272,1305,3246
697630435728322560,595,1873
697616773278015490,1117,3392
697596423848730625,1386,3256
697575480820686848,556,2201
697516214579523584,1250,2230
697482927769255936,748,2603
697463031882764288,1517,3672
697270446429966336,2045,5018
697259378236399616,1101,3538
697255105972801536,1279,3248
697242256848379904,737,2702
696900204696625153,1130,3437
696894894812565505,743,2528
696886256886657024,1975,5192
696877980375769088,785,2628
696754882863349760,390,1579
696744641916489729,1048,2239
696713835009417216,725,2557
696490539101908992,164,1313
695816827381944320,1288,3227
695794761660297217,858,3421
695767669421768709,821,2014
695629776980148225,2329,4917
695409464418041856,3925,9256
695314793360662529,1629,3923
695095422348574720,675,2830
695051054296211456,867,2861
694925794720792577,1012,2903
694669722378485760,15910,38278
694356675654983680,320,1620
694352839993344000,684,2191
694342028726001664,536,1691
694329668942569472,552,2161
694206574471057408,2249,4500
694183373896572928,1024,3166
694001791655137281,1144,3634
693993230313091072,446,2011
693942351086120961,407,1858
693647888581312512,653,2901
693644216740769793,142,1444
693642232151285760,459,2731
693622659251335168,408,1655
693590843962331137,2166,5454
693582294167244802,283,1769
693486665285931008,686,1903
693280720173801472,1368,3607
693267061318012928,902,2558
693262851218264065,554,2395
693231807727280129,811,3072
693155686491000832,3535,8490
693109034023534592,672,1845
693095443459342336,509,2011
692919143163629568,821,2871
692905862751522816,973,2622
692901601640583168,666,1929
692894228850999298,887,2453
692828166163931137,966,3089
692752401762250755,4019,7343
692568918515392513,1690,4652
692535307825213440,1497,3437
692530551048294401,464,1983
692423280028966913,254,1585
692417313023332352,3822,10073
692187005137076224,907,2706
692158366030913536,882,2312
692142790915014657,430,1762
692041934689402880,1398,3651
692017291282812928,1060,3083
691820333922455552,1812,4238
691793053716221953,4630,8753
691756958957883396,1133,3112
691675652215414786,563,2078
691483041324204033,634,2550
691459709405118465,1265,4364
691444869282295808,937,2848
691416866452082688,8439,20843
691321916024623104,730,2778
691096613310316544,991,3188
691090071332753408,377,1834
690989312272396288,3175,6368
690959652130045952,1387,3842
690938899477221376,2200,4452
690932576555528194,1120,3534
690735892932222976,1415,4055
690690673629138944,874,2490
690649993829576704,311,1406
690607260360429569,19,311
690597161306841088,665,2109
690400367696297985,498,2002
690374419777196032,955,3491
690360449368465409,981,2861
690348396616552449,559,1612
690248561355657216,457,1809
690021994562220032,1145,2999
690015576308211712,814,2688
690005060500217858,1864,3927
689999384604450816,414,1530
689993469801164801,509,1579
689977555533848577,491,1463
689905486972461056,768,2604
689877686181715968,1309,3237
689835978131935233,834,2325
689661964914655233,1020,3432
689659372465688576,4305,11199
689623661272240129,722,2408
689599056876867584,6093,12523
689557536375177216,509,2212
689517482558820352,1574,3649
689289219123089408,1025,2423
689283819090870273,1221,3539
689280876073582592,794,2151
689275259254616065,275,1245
689255633275777024,1186,2761
689154315265683456,1108,3295
689143371370250240,573,2185
688908934925697024,853,2270
688898160958271489,870,2262
688894073864884227,773,2401
688828561667567616,409,1475
688804835492233216,218,1027
688789766343622656,733,2382
688547210804498433,773,2801
688519176466644993,804,2473
688385280030670848,4915,10013
688211956440801280,926,2386
688179443353796608,650,2274
688116655151435777,868,3031
688064179421470721,401,1843
687841446767013888,2800,5891
687826841265172480,1256,2928
687818504314159109,1062,2696
687807801670897665,772,2568
687704180304273409,934,2621
687664829264453632,569,2085
687494652870668288,637,2060
687480748861947905,276,1718
687476254459715584,598,2130
687460506001633280,598,2194
687399393394311168,690,2036
687317306314240000,10130,21655
687312378585812992,2099,4678
687127927494963200,2527,5883
687124485711986689,559,2325
687109925361856513,2734,6236
687102708889812993,1097,2515
687096057537363968,675,2406
686947101016735744,3503,9257
686760001961103360,1521,3774
686749460672679938,1621,3745
686730991906516992,1320,4462
686683045143953408,888,3013
686618349602762752,1504,3961
686606069955735556,597,2028
686394059078897668,756,1886
686386521809772549,980,3490
686377065986265092,625,2382
686358356425093120,755,2360
686286779679375361,1849,4307
686050296934563840,816,2372
686035780142297088,134,1246
686034024800862208,1300,3351
686007916130873345,463,2655
686003207160610816,709,1957
685973236358713344,591,2272
685943807276412928,679,1762
685906723014619143,3220,8099
685681090388975616,140,2181
685667379192414208,641,2516
685663452032069632,1615,3491
685641971164143616,858,3152
685547936038666240,17331,35498
685532292383666176,1274,3270
685325112850124800,4423,10236
685321586178670592,716,2854
685315239903100929,1195,3598
685307451701334016,487,2220
685268753634967552,1337,3343
685198997565345792,739,2503
685169283572338688,1582,4406
684969860808454144,425,2464
684959798585110529,3458,7169
684940049151070208,1158,3454
684926975086034944,530,3771
684902183876321280,591,2015
684880619965411328,916,2256
684830982659280897,23868,37776
684800227459624960,1093,2918
684594889858887680,3915,9637
684588130326986752,1557,4428
684567543613382656,1372,3239
684538444857667585,1065,2854
684481074559381504,1295,4158
684460069371654144,614,2121
684241637099323392,3643,8792
684225744407494656,235,1335
684222868335505415,1532,4140
684200372118904832,1141,2340
684195085588783105,577,2062
684188786104872960,1304,3742
684177701129875456,746,2170
684147889187209216,1656,3200
684122891630342144,526,2138
684097758874210310,1586,4423
683857920510050305,1230,4081
683852578183077888,390,2066
683849932751646720,1085,2822
683834909291606017,1226,2822
683828599284170753,1164,3002
683773439333797890,1493,3604
683742671509258241,3686,7016
683515932363329536,3214,7910
683498322573824003,1062,3399
683481228088049664,1092,2824
683462770029932544,745,2619
683449695444799489,1778,4189
683391852557561860,2636,8186
683357973142474752,1038,3165
683142553609318400,1152,3094
683111407806746624,1013,3659
683098815881154561,718,2322
683078886620553216,620,2133
683030066213818368,809,2318
682962037429899265,18499,39880
682808988178739200,205,1907
682788441537560576,1236,2651
682750546109968385,481,1631
682697186228989953,394,1410
682662431982772225,1183,3270
682638830361513985,663,2207
682429480204398592,1282,3685
682406705142087680,1953,8155
682393905736888321,753,2390
682389078323662849,513,1790
682303737705140231,1103,3306
682259524040966145,1353,4480
682242692827447297,1308,3494
682088079302213632,10964,19721
682059653698686977,1874,5330
682047327939461121,1064,3454
682032003584274432,2233,7074
682003177596559360,1683,3381
681981167097122816,1135,2970
681891461017812993,924,2648
681694085539872773,4456,13748
681679526984871937,491,1886
681654059175129088,1026,2840
681610798867845120,522,2053
681579835668455424,1451,3811
681523177663676416,6443,15399
681340665377193984,306,1764
681339448655802368,4489,9991
681320187870711809,843,2859
681302363064414209,2024,4247
681297372102656000,1061,3416
681281657291280384,1216,3446
681261549936340994,300,1559
681231109724700672,531,2569
681193455364796417,1642,3984
680970795137544192,727,2602
680959110691590145,2197,4888
680940246314430465,1172,3462
680934982542561280,486,2229
680913438424612864,684,2559
680889648562991104,406,1895
680836378243002368,1482,3696
680805554198020098,735,2319
680801747103793152,910,2542
680798457301471234,1153,3068
680609293079592961,791,2826
680583894916304897,1478,3865
680494726643068929,531,1839
680473011644985345,826,2714
680440374763077632,553,1549
680221482581123072,321,1562
680206703334408192,1296,3043
680191257256136705,565,2300
680176173301628928,1727,4182
680161097740095489,807,2477
680145970311643136,1919,3877
680130881361686529,1048,2460
680115823365742593,1006,2904
680100725817409536,1513,3816
680070545539371008,967,2755
680055455951884288,7866,17922
679877062409191424,707,2107
679872969355714560,729,2320
679862121895714818,685,2631
679854723806179328,1358,3075
679844490799091713,862,2540
679828447187857408,15451,38902
679777920601223168,1242,3314
679736210798047232,885,2251
679729593985699840,909,2318
679722016581222400,521,1775
679530280114372609,2287,5104
679527802031484928,803,2842
679511351870550016,1425,3617
679503373272485890,1635,3400
679475951516934144,706,2252
679462823135686656,20784,34113
679405845277462528,1334,2551
679158373988876288,8946,23057
679148763231985668,1135,2966
679132435750195208,1281,3176
679111216690831360,2827,6395
679062614270468097,9074,18340
679047485189439488,756,2414
679001094530465792,1357,3019
678991772295516161,1292,2490
678969228704284672,511,1754
678800283649069056,992,2757
678767140346941444,1514,3774
678764513869611008,528,1745
678755239630127104,3659,7649
678740035362037760,1883,4011
678675843183484930,1639,3076
678643457146150913,474,2197
678446151570427904,1737,4263
678424312106393600,2807,5795
678410210315247616,2009,4536
678399652199309312,30095,61219
678396796259975168,463,1695
678389028614488064,463,1994
678380236862578688,989,2597
678341075375947776,593,1847
678334497360859136,295,1385
678278586130948096,6673,12269
678255464182861824,408,1691
678023323247357953,428,2054
678021115718029313,6988,14690
677961670166224897,1840,3629
677918531514703872,448,1437
677895101218201600,2330,5159
677716515794329600,1072,3255
677700003327029250,1574,3615
677698403548192770,350,1304
677687604918272002,925,2631
677673981332312066,1641,3552
677662372920729601,1069,2082
677644091929329666,872,2008
677573743309385728,804,2282
677565715327688705,503,1371
677557565589463040,1278,2598
677547928504967168,3978,7398
677530072887205888,245,1132
677335745548390400,1958,3254
677334615166730240,321,1444
677331501395156992,261,1159
677328882937298944,1643,3865
677314812125323265,590,1751
677301033169788928,454,1325
677269281705472000,774,2113
677187300187611136,1004,2907
676975532580409345,1173,2949
676957860086095872,886,2343
676949632774234114,431,1378
676948236477857792,957,2304
676946864479084545,414,1809
676942428000112642,839,2207
676936541936185344,5382,13523
676916996760600576,1960,3158
676897532954456065,796,2384
676864501615042560,783,2236
676821958043033607,17102,24581
676819651066732545,723,1916
676811746707918848,460,1508
676776431406465024,2195,5293
676617503762681856,1079,3079
676613908052996102,212,1156
676606785097199616,480,2000
676603393314578432,431,1246
676593408224403456,2353,4851
676590572941893632,139,976
676588346097852417,871,2478
676582956622721024,307,1280
676575501977128964,1229,2747
676533798876651520,607,1990
676496375194980353,584,1603
676470639084101634,5105,12374
676440007570247681,734,1821
676430933382295552,377,1476
676263575653122048,592,2189
676237365392908289,324,1295
676219687039057920,33828,79026
676215927814406144,644,1843
676191832485810177,1119,2414
676146341966438401,726,2037
676121918416756736,1272,2278
676101918813499392,1255,2976
676098748976615425,1565,3196
676089483918516224,466,1393
675898130735476737,633,1736
675891555769696257,950,2257
675888385639251968,1043,2523
675878199931371520,1536,4430
675870721063669760,615,1741
675853064436391936,1416,2851
675849018447167488,166,1000
675845657354215424,970,2423
675822767435051008,578,1612
675820929667219457,251,1110
675798442703122432,3683,10865
675781562965868544,517,1705
675740360753160193,377,1226
675710890956750848,901,2000
675707330206547968,750,2104
675706639471788032,104,681
675534494439489536,454,1906
675531475945709568,420,1245
675522403582218240,308,1098
675517828909424640,494,1382
675501075957489664,6316,18134
675497103322386432,1414,3318
675489971617296384,649,1369
675483430902214656,1055,1950
675432746517426176,615,1599
675372240448454658,547,1798
675362609739206656,251,1106
675354435921575936,18549,34565
675349384339542016,2455,4153
675334060156301312,1400,2938
675166823650848770,1748,3820
675149409102012420,1825,3945
675147105808306176,261,998
675146535592706048,339,1264
675145476954566656,974,2248
675135153782571009,532,1366
675113801096802304,852,2061
675111688094527488,275,1014
675109292475830276,1223,2936
675047298674663426,355,1118
675015141583413248,1294,2852
675006312288268288,244,1027
675003128568291329,506,1631
674999807681908736,1198,2368
674805413498527744,383,910
674800520222154752,933,3165
674793399141146624,1183,2636
674790488185167872,272,1157
674788554665512960,225,848
674781762103414784,1309,2102
674774481756377088,516,1186
674767892831932416,860,1931
674764817387900928,259,831
674754018082705410,482,1431
674752233200820224,503,1549
674743008475090944,594,1470
674742531037511680,54,514
674739953134403584,424,1173
674737130913071104,100,673
674690135443775488,501,1205
674670581682434048,702,1701
674664755118911488,272,971
674646392044941312,544,1502
674644256330530816,296,1074
674638615994089473,631,1764
674632714662858753,620,1572
674606911342424069,109,987
674468880899788800,2216,6525
674447403907457024,384,1116
674436901579923456,422,1171
674422304705744896,572,1497
674416750885273600,150,712
674410619106390016,505,1255
674394782723014656,617,1571
674372068062928900,334,895
674330906434379776,78,585
674318007229923329,556,1479
674307341513269249,7455,11897
674291837063053312,6350,15487
674271431610523648,780,1647
674269164442398721,248,939
674265582246694913,905,1714
674262580978937856,489,1356
674255168825880576,604,1539
674082852460433408,182,783
674075285688614912,307,1020
674063288070742018,2389,6672
674053186244734976,1406,3483
674051556661161984,519,1520
674045139690631169,692,1482
674042553264685056,138,753
674038233588723717,441,1150
674036086168010753,234,877
674024893172875264,1316,1875
674019345211760640,325,1183
674014384960745472,696,1639
674008982932058114,380,1255
673956914389192708,1041,2046
673919437611909120,389,1218
673906403526995968,1754,3335
673887867907739649,270,974
673716320723169284,816,3223
673715861853720576,2246,3721
673711475735838725,319,1083
673709992831262724,297,885
673708611235921920,309,1117
673707060090052608,421,1148
673705679337693185,424,1308
673700254269775872,612,1492
673689733134946305,691,1822
673688752737402881,530,1319
673686845050527744,466,1509
673680198160809984,503,1428
673662677122719744,385,1304
673656262056419329,260,750
673636718965334016,398,1170
673612854080196609,781,1657
673580926094458881,286,863
673576835670777856,597,1441
673363615379013632,333,1064
673359818736984064,717,1520
673355879178194945,630,1554
673352124999274496,576,1721
673350198937153538,224,762
673345638550134785,1381,2636
673343217010679808,284,1012
673342308415348736,632,1319
673320132811366400,8485,14141
673317986296586240,282,902
673295268553605120,3394,7859
673270968295534593,395,1106
673240798075449344,774,1478
673213039743795200,905,2351
673148804208660480,675,1776
672997845381865473,767,2044
672995267319328768,318,993
672988786805112832,307,1012
672984142909456390,577,1299
672980819271634944,1054,1882
672975131468300288,984,1760
672970152493887488,377,996
672902681409806336,535,1420
672898206762672129,447,925
672884426393653248,880,1622
672877615439593473,393,1070
672834301050937345,613,1369
672828477930868736,518,1310
672640509974827008,344,1011
672622327801233409,525,1350
672614745925664768,627,1275
672609152938721280,412,1157
672604026190569472,432,1161
672594978741354496,644,1379
672591762242805761,354,989
672591271085670400,199,757
672538107540070400,398,1068
672523490734551040,185,677
747242308580548608,3187,0
746872823977771008,2373,6458
746726898085036033,1983,6512
743545585370791937,1040,3793
743510151680958465,4074,8502
743253157753532416,1333,4545
743222593470234624,2105,6666
742161199639494656,1512,4671
740359016048689152,943,3550
740214038584557568,2169,7191
739932936087216128,1188,4360
737445876994609152,4924,11090
737322739594330112,885,3877
737310737551491075,8158,15759
735648611367784448,1204,4311
735137028879360001,1065,3354
734912297295085568,566,2933
729838605770891264,419,1826
729823566028484608,1363,4275
726828223124897792,1101,3799
724004602748780546,1735,4478
723912936180330496,1344,4153
723688335806480385,3270,8268
721503162398597120,2059,4987
719551379208073216,2121,5405
719367763014393856,809,2979
719339463458033665,1369,4714
719332531645071360,1046,3649
718971898235854848,1206,3734
718939241951195136,1924,5611
718631497683582976,8873,20274
718246886998687744,551,2057
718234618122661888,1098,4135
715733265223708672,1859,4989
714957620017307648,1556,4420
714631576617938945,1097,3497
713909862279876608,599,2040
713900603437621249,817,3016
713761197720473600,1511,5213
713411074226274305,1414,4711
713177543487135744,3114,7704
712809025985978368,7403,19936
712309440758808576,26,263
712065007010385924,691,2418
711998809858043904,137,0
711968124745228288,2534,8615
711008018775851008,689,3205
709918798883774466,1183,3194
709901256215666688,109,717
708738143638450176,895,2933
707776935007539200,1043,3516
705970349788291072,982,3370
705442520700944385,1819,4779
703611486317502464,1671,4146
703382836347330562,1258,3765
701601587219795968,509,2242
701570477911896070,1030,3025
701545186879471618,667,2843
700796979434098688,1055,2618
700747788515020802,10345,24601
700518061187723268,881,2830
700151421916807169,731,2410
700143752053182464,3042,8112
696518437233913856,1855,4198
696488710901260288,1138,2732
696405997980676096,1254,3457
696100768806522880,730,2081
695446424020918272,1991,4678
695074328191332352,1212,3053
695064344191721472,664,1727
694905863685980160,1034,2979
693629975228977152,881,2632
690728923253055490,577,2328
688916208532455424,960,2935
687732144991551489,728,1891
684914660081053696,1618,3766
681242418453299201,606,1607
680497766108381184,2119,4547
680085611152338944,9804,13702
678798276842360832,1309,3733
678774928607469569,1016,2976
678708137298427904,2684,5948
677228873407442944,1793,3771
675153376133427200,2826,6648
673697980713705472,2100,3979
673583129559498752,393,1242
672968025906282496,589,1369
672964561327235073,689,1481
672488522314567680,471,1162
672482722825261057,645,1182
672481316919734272,130,738
672475084225949696,749,1502
672466075045466113,577,1412
672272411274932228,3597,6733
672267570918129665,649,1558
672264251789176834,367,1194
672256522047614977,1657,2935
672254177670729728,784,1484
672248013293752320,645,1793
672245253877968896,166,712
672239279297454080,339,931
672231046314901505,1071,1919
672222792075620352,225,815
672205392827572224,1230,2356
672169685991993344,394,1057
672160042234327040,383,906
672139350159835138,770,1830
672125275208069120,1215,2505
672095186491711488,391,1036
672082170312290304,390,980
672068090318987265,548,1355
671896809300709376,4422,8814
671891728106971137,598,1384
671882082306625538,1461,3610
671879137494245376,731,1478
671874878652489728,587,1302
671866342182637568,535,1169
671855973984772097,485,953
671789708968640512,3710,7363
671768281401958400,555,1240
671763349865160704,977,1754
671744970634719232,821,1399
671743150407421952,241,768
671735591348891648,795,1499
671729906628341761,4650,8913
671561002136281088,7707,13422
671550332464455680,221,951
671547767500775424,636,1412
671544874165002241,1117,2079
671542985629241344,602,1138
671538301157904385,421,961
671536543010570240,436,1226
671533943490011136,613,1071
671528761649688577,274,877
671520732782923777,567,1454
671518598289059840,310,985
671511350426865664,773,1684
671504605491109889,3765,7344
671497587707535361,474,961
671488513339211776,499,1051
671486386088865792,221,608
671485057807351808,245,791
671390180817915904,783,1476
671362598324076544,311,1166
671357843010908160,155,417
671355857343524864,118,497
671347597085433856,462,1011
671186162933985280,228,769
671182547775299584,364,1167
671166507850801152,376,910
671163268581498880,1181,1733
671159727754231808,87,390
671154572044468225,229,750
671151324042559489,162,698
671147085991960577,242,701
671141549288370177,696,1218
671138694582165504,427,967
671134062904504320,207,779
671122204919246848,2697,3649
671115716440031232,820,1407
671109016219725825,468,1192
670995969505435648,309,1152
670842764863651840,9338,25622
670840546554966016,208,617
670838202509447168,736,1162
670833812859932673,132,466
670832455012716544,233,765
670826280409919488,4337,5815
670823764196741120,202,806
670822709593571328,103,634
670815497391357952,1650,3319
670811965569282048,286,1175
670807719151067136,521,1194
670804601705242624,1007,2053
670803562457407488,93,351
670797304698376195,252,757
670792680469889025,293,869
670789397210615808,254,691
670786190031921152,214,627
670783437142401025,419,852
670782429121134593,838,1645
670780561024270336,307,806
670778058496974848,76,340
670764103623966721,453,1120
670755717859713024,120,466
670733412878163972,539,1000
670727704916926465,392,866
670717338665226240,529,1270
670704688707301377,393,790
670691627984359425,256,611
670679630144274432,308,780
670676092097810432,45,261
670668383499735048,5370,11193
670474236058800128,814,1593
670468609693655041,89,364
670465786746662913,588,1012
670452855871037440,220,571
670449342516494336,716,1234
670444955656130560,2100,6995
670442337873600512,207,676
670435821946826752,558,1095
670434127938719744,688,1466
670433248821026816,121,335
670428280563085312,676,1451
670427002554466305,174,538
670421925039075328,682,1367
670420569653809152,332,656
670417414769758208,342,590
670411370698022913,965,2127
670408998013820928,239,583
670403879788544000,169,450
670385711116361728,227,582
670374371102445568,287,767
670361874861563904,71,340
670338931251150849,118,445
670319130621435904,1308,4015
670303360680108032,144,443
670290420111441920,301,736
670093938074779648,358,1078
670086499208155136,267,724
670079681849372674,1339,2328
670073503555706880,843,1629
670069087419133954,263,663
670061506722140161,369,798
670055038660800512,352,695
670046952931721218,188,674
670040295598354432,117,783
670037189829525505,297,610
670003130994700288,98,345
669993076832759809,89,337
669972011175813120,172,461
669970042633789440,65,314
669942763794931712,180,528
669926384437997569,111,394
669923323644657664,62,245
669753178989142016,426,840
669749430875258880,68,283
669684865554620416,94,544
669683899023405056,117,408
669682095984410625,141,368
669680153564442624,305,697
669661792646373376,464,841
669625907762618368,1915,3690
669603084620980224,392,990
669597912108789760,160,535
669583744538451968,989,1555
669573570759163904,154,451
669571471778410496,1065,1652
669567591774625800,60,244
669564461267722241,131,403
669393256313184256,81,378
669375718304980992,767,1395
669371483794317312,190,515
669367896104181761,167,479
669363888236994561,244,651
669359674819481600,132,380
669354382627049472,1350,2822
669353438988365824,271,673
669351434509529089,198,464
669328503091937280,441,1053
669327207240699904,122,599
669324657376567296,219,513
669216679721873412,409,939
669214165781868544,179,461
669203728096960512,508,1051
669037058363662336,328,683
669015743032369152,394,772
669006782128353280,265,599
669000397445533696,6770,21741
668994913074286592,249,459
668992363537309700,369,780
668989615043424256,346,711
668988183816871936,501,941
668986018524233728,178,574
668981893510119424,327,565
668979806671884288,375,828
668975677807423489,620,1370
668967877119254528,25,154
668960084974809088,252,740
668955713004314625,74,295
668932921458302977,61,281
668902994700836864,106,330
668892474547511297,162,413
668872652652679168,315,549
668852170888998912,174,470
668826086256599040,147,457
668815180734689280,285,596
668779399630725120,398,732
668655139528511488,229,553
668645506898350081,575,935
668643542311546881,564,924
668641109086707712,566,1121
668636665813057536,512,1087
668633411083464705,1746,2953
668631377374486528,340,748
668627278264475648,122,333
668625577880875008,140,410
668623201287675904,830,1512
668620235289837568,46,216
668614819948453888,335,636
668587383441514497,1149,1731
668567822092664832,61,255
668544745690562560,241,543
668542336805281792,227,483
668537837512433665,78,259
668528771708952576,237,488
668507509523615744,113,339
668496999348633600,141,428
668484198282485761,250,442
668480044826800133,157,480
668466899341221888,546,923
668297328638447616,313,642
668291999406125056,34,260
668286279830867968,146,525
668274247790391296,243,863
668268907921326080,254,575
668256321989451776,652,1352
668248472370458624,514,1032
668237644992782336,3013,6467
668226093875376128,112,315
668221241640230912,211,527
668204964695683073,204,575
668190681446379520,206,676
668171859951755264,203,512
668154635664932864,331,513
668142349051129856,303,581
668113020489474048,258,691
667937095915278337,840,1324
667924896115245057,117,308
667915453470232577,58,218
667911425562669056,318,510
667902449697558528,390,874
667886921285246976,1154,1968
667885044254572545,511,849
667878741721415682,125,405
667873844930215936,428,652
667866724293877760,1085,3109
667861340749471744,83,250
667832474953625600,66,294
667806454573760512,524,1090
667801013445750784,99,339
667793409583771648,345,720
667782464991965184,254,427
667773195014021121,59,240
667766675769573376,231,461
667728196545200128,159,386
667724302356258817,335,505
667550904950915073,35,0
667550882905632768,33,0
667549055577362432,2406,6001
667546741521195010,133,344
667544320556335104,551,899
667538891197542400,70,210
667534815156183040,562,848
667530908589760512,256,489
667524857454854144,1173,1754
667517642048163840,199,381
667509364010450944,2225,7009
667502640335572993,228,550
667495797102141441,288,547
667491009379606528,237,550
667470559035432960,101,265
667455448082227200,65,196
667453023279554560,94,320
667443425659232256,608,811
667437278097252352,250,465
667435689202614272,86,314
667405339315146752,225,480
667393430834667520,58,203
667369227918143488,170,379
667211855547486208,251,508
667200525029539841,274,633
667192066997374976,111,401
667188689915760640,433,766
667182792070062081,6484,14790
667177989038297088,57,194
667176164155375616,475,628
667174963120574464,86,256
667171260800061440,95,228
667165590075940865,1199,2764
667160273090932737,65,263
667152164079423490,17809,48898
667138269671505920,2319,4748
667119796878725120,133,337
667090893657276420,130,341
667073648344346624,129,414
667070482143944705,14,86
667065535570550784,49,169
667062181243039745,56,222
667044094246576128,52,192
667012601033924608,235,462
666996132027977728,100,248
666983947667116034,1022,2625
666837028449972224,568,839
666835007768551424,82,220
666826780179869698,100,258
666817836334096384,259,534
666804364988780544,94,245
666786068205871104,503,784
666781792255496192,203,397
666776908487630848,179,360
666739327293083650,67,240
666701168228331520,224,441
666691418707132416,48,190
666649482315059201,595,900
666644823164719104,85,235
666454714377183233,215,529
666447344410484738,22,105
666437273139982337,50,129
666435652385423360,54,168
666430724426358785,200,321
666428276349472768,86,166
666421158376562688,115,320
666418789513326592,47,127
666411507551481857,333,451
666407126856765440,41,111
666396247373291520,87,168
666373753744588802,95,191
666362758909284353,579,785
666353288456101888,74,223
666345417576210432,142,301
666337882303524864,94,199
666293911632134144,359,513
666287406224695296,68,151
666273097616637952,77,178
666268910803644416,36,105
666104133288665088,6691,14452
666102155909144576,13,80
666099513787052032,71,158
666094000022159362,76,166
666082916733198337,45,120
666073100786774016,169,326
666071193221509120,62,148
666063827256086533,223,480
666058600524156928,58,113
666057090499244032,142,299
666055525042405380,257,441
666051853826850816,859,1231
666050758794694657,58,133
666049248165822465,40,109
666044226329800704,141,301
666033412701032449,45,125
666029285002620928,47,131
666020888022790149,520,2560
